 15  8  1 24 17
 16 14  7  5 23
 22 20 13  6  4
  3 21 19 12 10
  9  2 25 18 11

wird transponiert zu

 15 16 22  3  9
  8 14 20 21  2
  1  7 13 19 25
 24  5  6 12 18
 17 23  4 10 11


  1  1  1  1  1
  0  0  0  0  0
  1  1  1  1  1
  0  0  0  0  0
  1  1  1  1  1

wird transponiert zu

  1  0  1  0  1
  1  0  1  0  1
  1  0  1  0  1
  1  0  1  0  1
  1  0  1  0  1


  1  2  3  4  5
  1  2  3  4  5
  5  6  7  8  9
  5  6  7  8  9
 10 11 12 13 14

wird transponiert zu

  1  1  5  5 10
  2  2  6  6 11
  3  3  7  7 12
  4  4  8  8 13
  5  5  9  9 14


  1  6 11 16 21
  2  7 12 17 22
  3  8 13 18 23
  4  9 14 19 24
  5 10 15 20 25

wird transponiert zu

  1  2  3  4  5
  6  7  8  9 10
 11 12 13 14 15
 16 17 18 19 20
 21 22 23 24 25


